3 1 1
3 2 2
4 1 1
4 2 2
4 3 31
4 5 31
4 6 31
4 7 31
4 8 31
4 10 31
4 13 31
4 14 31
4 15 31
4 16 31
4 18 31
4 19 31
4 20 31
4 21 31
4 22 31
4 23 31
4 24 31
4 25 31
4 26 31
4 28 31
4 29 31
4 30 31
4 31 31
4 32 31
4 40 31
5 1 3
5 2 3
5 3 3
5 4 4
5 6 4
5 7 4
5 8 4
5 10 4
5 13 4
5 14 4
5 15 4
5 16 4
5 18 4
5 19 4
5 20 4
5 21 4
5 22 4
5 23 4
5 24 4
5 25 4
5 26 4
5 28 4
5 29 4
5 30 4
5 31 4
5 32 4
5 40 4
6 1 3
6 2 4
6 3 3
6 4 4
6 5 31
6 7 31
6 8 31
6 10 31
6 13 31
6 14 31
6 15 31
6 16 31
6 18 31
6 19 31
6 20 31
6 21 31
6 22 31
6 23 31
6 24 31
6 25 31
6 26 31
6 28 31
6 29 31
6 30 31
6 31 31
6 32 31
6 40 31
7 1 5
7 2 5
7 3 5
7 4 5
7 5 5
7 6 6
7 8 6
7 10 6
7 13 6
7 14 6
7 15 6
7 16 6
7 18 6
7 19 6
7 20 6
7 21 6
7 22 6
7 23 6
7 24 6
7 25 6
7 26 6
7 28 6
7 29 6
7 30 6
7 31 6
7 32 6
7 40 6
8 1 5
8 2 6
8 3 5
8 4 6
8 5 5
8 6 6
8 7 6
8 10 6
8 13 6
8 14 6
8 15 6
8 16 6
8 18 6
8 19 6
8 20 6
8 21 6
8 22 6
8 23 6
8 24 6
8 25 6
8 26 6
8 28 6
8 29 6
8 30 6
8 31 6
8 32 6
8 40 6
9 1 7
9 2 7
9 3 7
9 4 7
9 5 7
9 6 7
9 7 7
9 8 8
9 10 10
9 13 7
9 14 10
9 15 7
9 16 10
9 18 7
9 19 7
9 20 7
9 21 10
9 22 7
9 23 10
9 24 7
9 25 10
9 26 10
9 28 7
9 29 7
9 30 7
9 31 7
9 32 7
9 40 10
10 1 7
10 2 8
10 3 7
10 4 8
10 5 7
10 6 8
10 7 7
10 8 8
10 13 8
10 14 14
10 15 8
10 16 14
10 18 8
10 19 8
10 20 8
10 21 14
10 22 8
10 23 14
10 24 8
10 25 14
10 26 14
10 28 8
10 29 8
10 30 8
10 31 8
10 32 8
10 40 40
11 1 9
11 2 9
11 3 9
11 4 9
11 5 9
11 6 9
11 7 9
11 8 9
11 9 9
11 10 10
11 13 9
11 14 10
11 15 9
11 16 10
11 18 9
11 19 9
11 20 9
11 21 10
11 22 9
11 23 10
11 24 9
11 25 10
11 26 10
11 28 9
11 29 9
11 30 9
11 31 9
11 32 9
11 40 10
12 1 9
12 2 10
12 3 9
12 4 10
12 5 9
12 6 10
12 7 9
12 8 10
12 9 9
12 10 10
12 13 10
12 14 14
12 15 10
12 16 14
12 18 10
12 19 10
12 20 10
12 21 14
12 22 10
12 23 14
12 24 10
12 25 14
12 26 14
12 28 10
12 29 10
12 30 10
12 31 10
12 32 10
12 40 10
13 1 10
13 2 10
13 3 10
13 4 10
13 5 10
13 6 10
13 7 10
13 8 10
13 10 10
13 14 10
13 15 10
13 16 10
13 18 10
13 19 10
13 20 10
13 21 10
13 22 10
13 23 10
13 24 10
13 25 10
13 26 10
13 28 10
13 29 10
13 30 10
13 31 10
13 32 10
13 40 10
14 1 16
14 2 16
14 3 16
14 4 16
14 5 16
14 6 16
14 7 16
14 8 16
14 10 16
14 13 16
14 15 16
14 16 16
14 18 16
14 19 16
14 20 16
14 21 16
14 22 16
14 23 16
14 24 16
14 25 16
14 26 16
14 28 16
14 29 16
14 30 16
14 31 16
14 32 16
14 40 16
15 1 13
15 2 13
15 3 13
15 4 13
15 5 13
15 6 13
15 7 13
15 8 13
15 10 13
15 13 13
15 14 13
15 16 13
15 18 13
15 19 13
15 20 13
15 21 13
15 22 13
15 23 13
15 24 13
15 25 13
15 26 13
15 28 13
15 29 13
15 30 13
15 31 13
15 32 13
15 40 13
16 1 25
16 2 25
16 3 25
16 4 25
16 5 25
16 6 25
16 7 25
16 8 25
16 10 25
16 13 25
16 14 25
16 15 25
16 18 25
16 19 25
16 20 25
16 21 25
16 22 25
16 23 25
16 24 25
16 25 25
16 26 25
16 28 25
16 29 25
16 30 25
16 31 25
16 32 25
16 40 25
17 1 19
17 2 19
17 3 19
17 4 19
17 5 19
17 6 19
17 7 19
17 8 19
17 10 19
17 13 19
17 14 19
17 15 19
17 16 19
17 18 19
17 19 19
17 20 19
17 21 19
17 22 19
17 23 19
17 24 19
17 25 19
17 26 19
17 28 19
17 29 19
17 30 19
17 31 19
17 32 19
17 40 19
19 1 30
19 2 30
19 3 20
19 4 30
19 5 20
19 6 20
19 7 20
19 8 20
19 10 20
19 13 20
19 14 20
19 15 20
19 16 20
19 18 18
19 20 20
19 21 20
19 22 20
19 23 20
19 24 20
19 25 20
19 26 20
19 28 28
19 29 30
19 30 30
19 31 30
19 32 30
19 40 20
20 1 22
20 2 22
20 3 22
20 4 22
20 5 22
20 6 22
20 7 22
20 8 22
20 10 22
20 13 22
20 14 22
20 15 22
20 16 22
20 18 22
20 19 22
20 21 22
20 22 22
20 23 22
20 24 22
20 25 22
20 26 22
20 28 22
20 29 22
20 30 22
20 31 22
20 32 22
20 40 22
21 1 19
21 2 19
21 3 19
21 4 19
21 5 19
21 6 19
21 7 19
21 8 19
21 10 19
21 13 19
21 14 19
21 15 19
21 16 19
21 18 19
21 19 19
21 20 19
21 22 19
21 23 19
21 24 19
21 25 19
21 26 19
21 28 19
21 29 19
21 30 19
21 31 19
21 32 19
21 40 19
22 1 24
22 2 24
22 3 24
22 4 24
22 5 24
22 6 24
22 7 24
22 8 24
22 10 24
22 13 24
22 14 24
22 15 24
22 16 24
22 18 24
22 19 24
22 20 24
22 21 24
22 23 24
22 24 24
22 25 24
22 26 24
22 28 24
22 29 24
22 30 24
22 31 24
22 32 24
22 40 24
23 1 21
23 2 21
23 3 21
23 4 21
23 5 21
23 6 21
23 7 21
23 8 21
23 10 21
23 13 21
23 14 21
23 15 21
23 16 21
23 18 21
23 19 21
23 20 21
23 21 21
23 22 21
23 24 21
23 25 21
23 26 21
23 28 21
23 29 21
23 30 21
23 31 21
23 32 21
23 40 21
24 1 15
24 2 15
24 3 15
24 4 15
24 5 15
24 6 15
24 7 15
24 8 15
24 10 15
24 13 15
24 14 15
24 15 15
24 16 15
24 18 15
24 19 15
24 20 15
24 21 15
24 22 15
24 23 15
24 25 15
24 26 15
24 28 15
24 29 15
24 30 15
24 31 15
24 32 15
24 40 15
25 1 26
25 2 26
25 3 26
25 4 26
25 5 26
25 6 26
25 7 26
25 8 26
25 10 26
25 13 26
25 14 26
25 15 26
25 16 26
25 18 26
25 19 26
25 20 26
25 21 26
25 22 26
25 23 26
25 24 26
25 26 26
25 28 26
25 29 26
25 30 26
25 31 26
25 32 26
25 40 26
26 1 23
26 2 23
26 3 23
26 4 23
26 5 23
26 6 23
26 7 23
26 8 23
26 10 23
26 13 23
26 14 23
26 15 23
26 16 23
26 18 23
26 19 23
26 20 23
26 21 23
26 22 23
26 23 23
26 24 23
26 25 23
26 28 23
26 29 23
26 30 23
26 31 23
26 32 23
26 40 23
27 1 19
27 2 19
27 3 19
27 4 19
27 5 19
27 6 19
27 7 19
27 8 19
27 10 19
27 13 19
27 14 19
27 15 19
27 16 19
27 18 19
27 19 19
27 20 19
27 21 19
27 22 19
27 23 19
27 24 19
27 25 19
27 26 19
27 28 19
27 29 19
27 30 19
27 31 19
27 32 19
27 40 19
29 1 4
29 2 4
29 3 4
29 4 4
29 5 4
29 6 4
29 7 4
29 8 4
29 10 4
29 13 4
29 14 4
29 15 4
29 16 4
29 18 4
29 19 4
29 20 4
29 21 4
29 22 4
29 23 4
29 24 4
29 25 4
29 26 4
29 28 4
29 30 4
29 31 4
29 32 4
29 40 4
30 1 29
30 2 29
30 3 29
30 4 29
30 5 29
30 6 29
30 7 29
30 8 29
30 10 29
30 13 29
30 14 29
30 15 29
30 16 29
30 18 29
30 19 29
30 20 29
30 21 29
30 22 29
30 23 29
30 24 29
30 25 29
30 26 29
30 28 29
30 29 29
30 31 29
30 32 29
30 40 29
31 1 32
31 2 32
31 3 32
31 4 32
31 5 32
31 6 32
31 7 32
31 8 32
31 10 32
31 13 32
31 14 32
31 15 32
31 16 32
31 18 32
31 19 32
31 20 32
31 21 32
31 22 32
31 23 32
31 24 32
31 25 32
31 26 32
31 28 32
31 29 32
31 30 32
31 32 32
31 40 32
32 1 19
32 2 19
32 3 19
32 4 19
32 5 19
32 6 19
32 7 19
32 8 19
32 10 19
32 13 19
32 14 19
32 15 19
32 16 19
32 18 19
32 19 19
32 20 19
32 21 19
32 22 19
32 23 19
32 24 19
32 25 19
32 26 19
32 28 19
32 29 19
32 30 19
32 31 19
32 40 19
33 34 34
33 35 34
33 36 34
33 37 34
33 38 34
34 35 35
34 36 35
34 37 35
34 38 35
35 36 36
35 37 36
35 38 36
36 37 37
36 38 37
37 38 38