3 1
3,1
3 2
3,2
4 1
4,1
4 2
4,2
4 3
4,31,32,19,20,22,24,15,13,10,7,5,3
4 5
4,31,32,19,20,22,24,15,13,10,7,5
4 6
4,31,32,19,20,22,24,15,13,10,8,6
4 7
4,31,32,19,20,22,24,15,13,10,7
4 8
4,31,32,19,20,22,24,15,13,10,8
4 10
4,31,32,19,20,22,24,15,13,10
4 13
4,31,32,19,20,22,24,15,13
4 14
4,31,32,19,20,22,24,15,13,10,14
4 15
4,31,32,19,20,22,24,15
4 16
4,31,32,19,20,22,24,15,13,10,14,16
4 18
4,31,32,19,18
4 19
4,31,32,19
4 20
4,31,32,19,20
4 21
4,31,32,19,20,22,24,15,13,10,14,16,25,26,23,21
4 22
4,31,32,19,20,22
4 23
4,31,32,19,20,22,24,15,13,10,14,16,25,26,23
4 24
4,31,32,19,20,22,24
4 25
4,31,32,19,20,22,24,15,13,10,14,16,25
4 26
4,31,32,19,20,22,24,15,13,10,14,16,25,26
4 28
4,31,32,19,28
4 29
4,31,32,19,30,29
4 30
4,31,32,19,30
4 31
4,31
4 32
4,31,32
4 40
4,31,32,19,20,22,24,15,13,10,40
5 1
5,3,1
5 2
5,3,2
5 3
5,3
5 4
5,4
5 6
5,4,31,32,19,20,22,24,15,13,10,8,6
5 7
5,4,31,32,19,20,22,24,15,13,10,7
5 8
5,4,31,32,19,20,22,24,15,13,10,8
5 10
5,4,31,32,19,20,22,24,15,13,10
5 13
5,4,31,32,19,20,22,24,15,13
5 14
5,4,31,32,19,20,22,24,15,13,10,14
5 15
5,4,31,32,19,20,22,24,15
5 16
5,4,31,32,19,20,22,24,15,13,10,14,16
5 18
5,4,31,32,19,18
5 19
5,4,31,32,19
5 20
5,4,31,32,19,20
5 21
5,4,31,32,19,20,22,24,15,13,10,14,16,25,26,23,21
5 22
5,4,31,32,19,20,22
5 23
5,4,31,32,19,20,22,24,15,13,10,14,16,25,26,23
5 24
5,4,31,32,19,20,22,24
5 25
5,4,31,32,19,20,22,24,15,13,10,14,16,25
5 26
5,4,31,32,19,20,22,24,15,13,10,14,16,25,26
5 28
5,4,31,32,19,28
5 29
5,4,31,32,19,30,29
5 30
5,4,31,32,19,30
5 31
5,4,31
5 32
5,4,31,32
5 40
5,4,31,32,19,20,22,24,15,13,10,40
6 1
6,3,1
6 2
6,4,2
6 3
6,3
6 4
6,4
6 5
6,31,32,19,20,22,24,15,13,10,7,5
6 7
6,31,32,19,20,22,24,15,13,10,7
6 8
6,31,32,19,20,22,24,15,13,10,8
6 10
6,31,32,19,20,22,24,15,13,10
6 13
6,31,32,19,20,22,24,15,13
6 14
6,31,32,19,20,22,24,15,13,10,14
6 15
6,31,32,19,20,22,24,15
6 16
6,31,32,19,20,22,24,15,13,10,14,16
6 18
6,31,32,19,18
6 19
6,31,32,19
6 20
6,31,32,19,20
6 21
6,31,32,19,20,22,24,15,13,10,14,16,25,26,23,21
6 22
6,31,32,19,20,22
6 23
6,31,32,19,20,22,24,15,13,10,14,16,25,26,23
6 24
6,31,32,19,20,22,24
6 25
6,31,32,19,20,22,24,15,13,10,14,16,25
6 26
6,31,32,19,20,22,24,15,13,10,14,16,25,26
6 28
6,31,32,19,28
6 29
6,31,32,19,30,29
6 30
6,31,32,19,30
6 31
6,31
6 32
6,31,32
6 40
6,31,32,19,20,22,24,15,13,10,40
7 1
7,5,3,1
7 2
7,5,3,2
7 3
7,5,3
7 4
7,5,4
7 5
7,5
7 6
7,6
7 8
7,6,31,32,19,20,22,24,15,13,10,8
7 10
7,6,31,32,19,20,22,24,15,13,10
7 13
7,6,31,32,19,20,22,24,15,13
7 14
7,6,31,32,19,20,22,24,15,13,10,14
7 15
7,6,31,32,19,20,22,24,15
7 16
7,6,31,32,19,20,22,24,15,13,10,14,16
7 18
7,6,31,32,19,18
7 19
7,6,31,32,19
7 20
7,6,31,32,19,20
7 21
7,6,31,32,19,20,22,24,15,13,10,14,16,25,26,23,21
7 22
7,6,31,32,19,20,22
7 23
7,6,31,32,19,20,22,24,15,13,10,14,16,25,26,23
7 24
7,6,31,32,19,20,22,24
7 25
7,6,31,32,19,20,22,24,15,13,10,14,16,25
7 26
7,6,31,32,19,20,22,24,15,13,10,14,16,25,26
7 28
7,6,31,32,19,28
7 29
7,6,31,32,19,30,29
7 30
7,6,31,32,19,30
7 31
7,6,31
7 32
7,6,31,32
7 40
7,6,31,32,19,20,22,24,15,13,10,40
8 1
8,5,3,1
8 2
8,6,4,2
8 3
8,5,3
8 4
8,6,4
8 5
8,5
8 6
8,6
8 7
8,6,31,32,19,20,22,24,15,13,10,7
8 10
8,6,31,32,19,20,22,24,15,13,10
8 13
8,6,31,32,19,20,22,24,15,13
8 14
8,6,31,32,19,20,22,24,15,13,10,14
8 15
8,6,31,32,19,20,22,24,15
8 16
8,6,31,32,19,20,22,24,15,13,10,14,16
8 18
8,6,31,32,19,18
8 19
8,6,31,32,19
8 20
8,6,31,32,19,20
8 21
8,6,31,32,19,20,22,24,15,13,10,14,16,25,26,23,21
8 22
8,6,31,32,19,20,22
8 23
8,6,31,32,19,20,22,24,15,13,10,14,16,25,26,23
8 24
8,6,31,32,19,20,22,24
8 25
8,6,31,32,19,20,22,24,15,13,10,14,16,25
8 26
8,6,31,32,19,20,22,24,15,13,10,14,16,25,26
8 28
8,6,31,32,19,28
8 29
8,6,31,32,19,30,29
8 30
8,6,31,32,19,30
8 31
8,6,31
8 32
8,6,31,32
8 40
8,6,31,32,19,20,22,24,15,13,10,40
9 1
9,7,5,3,1
9 2
9,7,5,3,2
9 3
9,7,5,3
9 4
9,7,5,4
9 5
9,7,5
9 6
9,7,6
9 7
9,7
9 8
9,8
9 10
9,10
9 13
9,7,6,31,32,19,20,22,24,15,13
9 14
9,10,14
9 15
9,7,6,31,32,19,20,22,24,15
9 16
9,10,14,16
9 18
9,7,6,31,32,19,18
9 19
9,7,6,31,32,19
9 20
9,7,6,31,32,19,20
9 21
9,10,14,16,25,26,23,21
9 22
9,7,6,31,32,19,20,22
9 23
9,10,14,16,25,26,23
9 24
9,7,6,31,32,19,20,22,24
9 25
9,10,14,16,25
9 26
9,10,14,16,25,26
9 28
9,7,6,31,32,19,28
9 29
9,7,6,31,32,19,30,29
9 30
9,7,6,31,32,19,30
9 31
9,7,6,31
9 32
9,7,6,31,32
9 40
9,10,40
10 1
10,7,5,3,1
10 2
10,8,6,4,2
10 3
10,7,5,3
10 4
10,8,6,4
10 5
10,7,5
10 6
10,8,6
10 7
10,7
10 8
10,8
10 13
10,8,6,31,32,19,20,22,24,15,13
10 14
10,14
10 15
10,8,6,31,32,19,20,22,24,15
10 16
10,14,16
10 18
10,8,6,31,32,19,18
10 19
10,8,6,31,32,19
10 20
10,8,6,31,32,19,20
10 21
10,14,16,25,26,23,21
10 22
10,8,6,31,32,19,20,22
10 23
10,14,16,25,26,23
10 24
10,8,6,31,32,19,20,22,24
10 25
10,14,16,25
10 26
10,14,16,25,26
10 28
10,8,6,31,32,19,28
10 29
10,8,6,31,32,19,30,29
10 30
10,8,6,31,32,19,30
10 31
10,8,6,31
10 32
10,8,6,31,32
10 40
10,40
11 1
11,9,7,5,3,1
11 2
11,9,7,5,3,2
11 3
11,9,7,5,3
11 4
11,9,7,5,4
11 5
11,9,7,5
11 6
11,9,7,6
11 7
11,9,7
11 8
11,9,8
11 9
11,9
11 10
11,10
11 13
11,9,7,6,31,32,19,20,22,24,15,13
11 14
11,10,14
11 15
11,9,7,6,31,32,19,20,22,24,15
11 16
11,10,14,16
11 18
11,9,7,6,31,32,19,18
11 19
11,9,7,6,31,32,19
11 20
11,9,7,6,31,32,19,20
11 21
11,10,14,16,25,26,23,21
11 22
11,9,7,6,31,32,19,20,22
11 23
11,10,14,16,25,26,23
11 24
11,9,7,6,31,32,19,20,22,24
11 25
11,10,14,16,25
11 26
11,10,14,16,25,26
11 28
11,9,7,6,31,32,19,28
11 29
11,9,7,6,31,32,19,30,29
11 30
11,9,7,6,31,32,19,30
11 31
11,9,7,6,31
11 32
11,9,7,6,31,32
11 40
11,10,40
12 1
12,9,7,5,3,1
12 2
12,10,8,6,4,2
12 3
12,9,7,5,3
12 4
12,10,8,6,4
12 5
12,9,7,5
12 6
12,10,8,6
12 7
12,9,7
12 8
12,10,8
12 9
12,9
12 10
12,10
12 13
12,10,8,6,31,32,19,20,22,24,15,13
12 14
12,14
12 15
12,10,8,6,31,32,19,20,22,24,15
12 16
12,14,16
12 18
12,10,8,6,31,32,19,18
12 19
12,10,8,6,31,32,19
12 20
12,10,8,6,31,32,19,20
12 21
12,14,16,25,26,23,21
12 22
12,10,8,6,31,32,19,20,22
12 23
12,14,16,25,26,23
12 24
12,10,8,6,31,32,19,20,22,24
12 25
12,14,16,25
12 26
12,14,16,25,26
12 28
12,10,8,6,31,32,19,28
12 29
12,10,8,6,31,32,19,30,29
12 30
12,10,8,6,31,32,19,30
12 31
12,10,8,6,31
12 32
12,10,8,6,31,32
12 40
12,10,40
13 1
13,10,7,5,3,1
13 2
13,10,8,6,4,2
13 3
13,10,7,5,3
13 4
13,10,8,6,4
13 5
13,10,7,5
13 6
13,10,8,6
13 7
13,10,7
13 8
13,10,8
13 10
13,10
13 14
13,10,14
13 15
13,10,8,6,31,32,19,20,22,24,15
13 16
13,10,14,16
13 18
13,10,8,6,31,32,19,18
13 19
13,10,8,6,31,32,19
13 20
13,10,8,6,31,32,19,20
13 21
13,10,14,16,25,26,23,21
13 22
13,10,8,6,31,32,19,20,22
13 23
13,10,14,16,25,26,23
13 24
13,10,8,6,31,32,19,20,22,24
13 25
13,10,14,16,25
13 26
13,10,14,16,25,26
13 28
13,10,8,6,31,32,19,28
13 29
13,10,8,6,31,32,19,30,29
13 30
13,10,8,6,31,32,19,30
13 31
13,10,8,6,31
13 32
13,10,8,6,31,32
13 40
13,10,40
14 1
14,16,25,26,23,21,19,30,29,4,1
14 2
14,16,25,26,23,21,19,30,29,4,2
14 3
14,16,25,26,23,21,19,20,22,24,15,13,10,7,5,3
14 4
14,16,25,26,23,21,19,30,29,4
14 5
14,16,25,26,23,21,19,20,22,24,15,13,10,7,5
14 6
14,16,25,26,23,21,19,20,22,24,15,13,10,8,6
14 7
14,16,25,26,23,21,19,20,22,24,15,13,10,7
14 8
14,16,25,26,23,21,19,20,22,24,15,13,10,8
14 10
14,16,25,26,23,21,19,20,22,24,15,13,10
14 13
14,16,25,26,23,21,19,20,22,24,15,13
14 15
14,16,25,26,23,21,19,20,22,24,15
14 16
14,16
14 18
14,16,25,26,23,21,19,18
14 19
14,16,25,26,23,21,19
14 20
14,16,25,26,23,21,19,20
14 21
14,16,25,26,23,21
14 22
14,16,25,26,23,21,19,20,22
14 23
14,16,25,26,23
14 24
14,16,25,26,23,21,19,20,22,24
14 25
14,16,25
14 26
14,16,25,26
14 28
14,16,25,26,23,21,19,28
14 29
14,16,25,26,23,21,19,30,29
14 30
14,16,25,26,23,21,19,30
14 31
14,16,25,26,23,21,19,30,29,4,31
14 32
14,16,25,26,23,21,19,30,29,4,31,32
14 40
14,16,25,26,23,21,19,20,22,24,15,13,10,40
15 1
15,13,10,7,5,3,1
15 2
15,13,10,8,6,4,2
15 3
15,13,10,7,5,3
15 4
15,13,10,8,6,4
15 5
15,13,10,7,5
15 6
15,13,10,8,6
15 7
15,13,10,7
15 8
15,13,10,8
15 10
15,13,10
15 13
15,13
15 14
15,13,10,14
15 16
15,13,10,14,16
15 18
15,13,10,8,6,31,32,19,18
15 19
15,13,10,8,6,31,32,19
15 20
15,13,10,8,6,31,32,19,20
15 21
15,13,10,14,16,25,26,23,21
15 22
15,13,10,8,6,31,32,19,20,22
15 23
15,13,10,14,16,25,26,23
15 24
15,13,10,8,6,31,32,19,20,22,24
15 25
15,13,10,14,16,25
15 26
15,13,10,14,16,25,26
15 28
15,13,10,8,6,31,32,19,28
15 29
15,13,10,8,6,31,32,19,30,29
15 30
15,13,10,8,6,31,32,19,30
15 31
15,13,10,8,6,31
15 32
15,13,10,8,6,31,32
15 40
15,13,10,40
16 1
16,25,26,23,21,19,30,29,4,1
16 2
16,25,26,23,21,19,30,29,4,2
16 3
16,25,26,23,21,19,20,22,24,15,13,10,7,5,3
16 4
16,25,26,23,21,19,30,29,4
16 5
16,25,26,23,21,19,20,22,24,15,13,10,7,5
16 6
16,25,26,23,21,19,20,22,24,15,13,10,8,6
16 7
16,25,26,23,21,19,20,22,24,15,13,10,7
16 8
16,25,26,23,21,19,20,22,24,15,13,10,8
16 10
16,25,26,23,21,19,20,22,24,15,13,10
16 13
16,25,26,23,21,19,20,22,24,15,13
16 14
16,25,26,23,21,19,20,22,24,15,13,10,14
16 15
16,25,26,23,21,19,20,22,24,15
16 18
16,25,26,23,21,19,18
16 19
16,25,26,23,21,19
16 20
16,25,26,23,21,19,20
16 21
16,25,26,23,21
16 22
16,25,26,23,21,19,20,22
16 23
16,25,26,23
16 24
16,25,26,23,21,19,20,22,24
16 25
16,25
16 26
16,25,26
16 28
16,25,26,23,21,19,28
16 29
16,25,26,23,21,19,30,29
16 30
16,25,26,23,21,19,30
16 31
16,25,26,23,21,19,30,29,4,31
16 32
16,25,26,23,21,19,30,29,4,31,32
16 40
16,25,26,23,21,19,20,22,24,15,13,10,40
17 1
17,19,30,29,4,1
17 2
17,19,30,29,4,2
17 3
17,19,20,22,24,15,13,10,7,5,3
17 4
17,19,30,29,4
17 5
17,19,20,22,24,15,13,10,7,5
17 6
17,19,20,22,24,15,13,10,8,6
17 7
17,19,20,22,24,15,13,10,7
17 8
17,19,20,22,24,15,13,10,8
17 10
17,19,20,22,24,15,13,10
17 13
17,19,20,22,24,15,13
17 14
17,19,20,22,24,15,13,10,14
17 15
17,19,20,22,24,15
17 16
17,19,20,22,24,15,13,10,14,16
17 18
17,19,18
17 19
17,19
17 20
17,19,20
17 21
17,19,20,22,24,15,13,10,14,16,25,26,23,21
17 22
17,19,20,22
17 23
17,19,20,22,24,15,13,10,14,16,25,26,23
17 24
17,19,20,22,24
17 25
17,19,20,22,24,15,13,10,14,16,25
17 26
17,19,20,22,24,15,13,10,14,16,25,26
17 28
17,19,28
17 29
17,19,30,29
17 30
17,19,30
17 31
17,19,30,29,4,31
17 32
17,19,30,29,4,31,32
17 40
17,19,20,22,24,15,13,10,40
19 1
19,30,29,4,1
19 2
19,30,29,4,2
19 3
19,20,22,24,15,13,10,7,5,3
19 4
19,30,29,4
19 5
19,20,22,24,15,13,10,7,5
19 6
19,20,22,24,15,13,10,8,6
19 7
19,20,22,24,15,13,10,7
19 8
19,20,22,24,15,13,10,8
19 10
19,20,22,24,15,13,10
19 13
19,20,22,24,15,13
19 14
19,20,22,24,15,13,10,14
19 15
19,20,22,24,15
19 16
19,20,22,24,15,13,10,14,16
19 18
19,18
19 20
19,20
19 21
19,20,22,24,15,13,10,14,16,25,26,23,21
19 22
19,20,22
19 23
19,20,22,24,15,13,10,14,16,25,26,23
19 24
19,20,22,24
19 25
19,20,22,24,15,13,10,14,16,25
19 26
19,20,22,24,15,13,10,14,16,25,26
19 28
19,28
19 29
19,30,29
19 30
19,30
19 31
19,30,29,4,31
19 32
19,30,29,4,31,32
19 40
19,20,22,24,15,13,10,40
20 1
20,22,24,15,13,10,7,5,3,1
20 2
20,22,24,15,13,10,8,6,4,2
20 3
20,22,24,15,13,10,7,5,3
20 4
20,22,24,15,13,10,8,6,4
20 5
20,22,24,15,13,10,7,5
20 6
20,22,24,15,13,10,8,6
20 7
20,22,24,15,13,10,7
20 8
20,22,24,15,13,10,8
20 10
20,22,24,15,13,10
20 13
20,22,24,15,13
20 14
20,22,24,15,13,10,14
20 15
20,22,24,15
20 16
20,22,24,15,13,10,14,16
20 18
20,22,24,15,13,10,8,6,31,32,19,18
20 19
20,22,24,15,13,10,8,6,31,32,19
20 21
20,22,24,15,13,10,14,16,25,26,23,21
20 22
20,22
20 23
20,22,24,15,13,10,14,16,25,26,23
20 24
20,22,24
20 25
20,22,24,15,13,10,14,16,25
20 26
20,22,24,15,13,10,14,16,25,26
20 28
20,22,24,15,13,10,8,6,31,32,19,28
20 29
20,22,24,15,13,10,8,6,31,32,19,30,29
20 30
20,22,24,15,13,10,8,6,31,32,19,30
20 31
20,22,24,15,13,10,8,6,31
20 32
20,22,24,15,13,10,8,6,31,32
20 40
20,22,24,15,13,10,40
21 1
21,19,30,29,4,1
21 2
21,19,30,29,4,2
21 3
21,19,20,22,24,15,13,10,7,5,3
21 4
21,19,30,29,4
21 5
21,19,20,22,24,15,13,10,7,5
21 6
21,19,20,22,24,15,13,10,8,6
21 7
21,19,20,22,24,15,13,10,7
21 8
21,19,20,22,24,15,13,10,8
21 10
21,19,20,22,24,15,13,10
21 13
21,19,20,22,24,15,13
21 14
21,19,20,22,24,15,13,10,14
21 15
21,19,20,22,24,15
21 16
21,19,20,22,24,15,13,10,14,16
21 18
21,19,18
21 19
21,19
21 20
21,19,20
21 22
21,19,20,22
21 23
21,19,20,22,24,15,13,10,14,16,25,26,23
21 24
21,19,20,22,24
21 25
21,19,20,22,24,15,13,10,14,16,25
21 26
21,19,20,22,24,15,13,10,14,16,25,26
21 28
21,19,28
21 29
21,19,30,29
21 30
21,19,30
21 31
21,19,30,29,4,31
21 32
21,19,30,29,4,31,32
21 40
21,19,20,22,24,15,13,10,40
22 1
22,24,15,13,10,7,5,3,1
22 2
22,24,15,13,10,8,6,4,2
22 3
22,24,15,13,10,7,5,3
22 4
22,24,15,13,10,8,6,4
22 5
22,24,15,13,10,7,5
22 6
22,24,15,13,10,8,6
22 7
22,24,15,13,10,7
22 8
22,24,15,13,10,8
22 10
22,24,15,13,10
22 13
22,24,15,13
22 14
22,24,15,13,10,14
22 15
22,24,15
22 16
22,24,15,13,10,14,16
22 18
22,24,15,13,10,8,6,31,32,19,18
22 19
22,24,15,13,10,8,6,31,32,19
22 20
22,24,15,13,10,8,6,31,32,19,20
22 21
22,24,15,13,10,14,16,25,26,23,21
22 23
22,24,15,13,10,14,16,25,26,23
22 24
22,24
22 25
22,24,15,13,10,14,16,25
22 26
22,24,15,13,10,14,16,25,26
22 28
22,24,15,13,10,8,6,31,32,19,28
22 29
22,24,15,13,10,8,6,31,32,19,30,29
22 30
22,24,15,13,10,8,6,31,32,19,30
22 31
22,24,15,13,10,8,6,31
22 32
22,24,15,13,10,8,6,31,32
22 40
22,24,15,13,10,40
23 1
23,21,19,30,29,4,1
23 2
23,21,19,30,29,4,2
23 3
23,21,19,20,22,24,15,13,10,7,5,3
23 4
23,21,19,30,29,4
23 5
23,21,19,20,22,24,15,13,10,7,5
23 6
23,21,19,20,22,24,15,13,10,8,6
23 7
23,21,19,20,22,24,15,13,10,7
23 8
23,21,19,20,22,24,15,13,10,8
23 10
23,21,19,20,22,24,15,13,10
23 13
23,21,19,20,22,24,15,13
23 14
23,21,19,20,22,24,15,13,10,14
23 15
23,21,19,20,22,24,15
23 16
23,21,19,20,22,24,15,13,10,14,16
23 18
23,21,19,18
23 19
23,21,19
23 20
23,21,19,20
23 21
23,21
23 22
23,21,19,20,22
23 24
23,21,19,20,22,24
23 25
23,21,19,20,22,24,15,13,10,14,16,25
23 26
23,21,19,20,22,24,15,13,10,14,16,25,26
23 28
23,21,19,28
23 29
23,21,19,30,29
23 30
23,21,19,30
23 31
23,21,19,30,29,4,31
23 32
23,21,19,30,29,4,31,32
23 40
23,21,19,20,22,24,15,13,10,40
24 1
24,15,13,10,7,5,3,1
24 2
24,15,13,10,8,6,4,2
24 3
24,15,13,10,7,5,3
24 4
24,15,13,10,8,6,4
24 5
24,15,13,10,7,5
24 6
24,15,13,10,8,6
24 7
24,15,13,10,7
24 8
24,15,13,10,8
24 10
24,15,13,10
24 13
24,15,13
24 14
24,15,13,10,14
24 15
24,15
24 16
24,15,13,10,14,16
24 18
24,15,13,10,8,6,31,32,19,18
24 19
24,15,13,10,8,6,31,32,19
24 20
24,15,13,10,8,6,31,32,19,20
24 21
24,15,13,10,14,16,25,26,23,21
24 22
24,15,13,10,8,6,31,32,19,20,22
24 23
24,15,13,10,14,16,25,26,23
24 25
24,15,13,10,14,16,25
24 26
24,15,13,10,14,16,25,26
24 28
24,15,13,10,8,6,31,32,19,28
24 29
24,15,13,10,8,6,31,32,19,30,29
24 30
24,15,13,10,8,6,31,32,19,30
24 31
24,15,13,10,8,6,31
24 32
24,15,13,10,8,6,31,32
24 40
24,15,13,10,40
25 1
25,26,23,21,19,30,29,4,1
25 2
25,26,23,21,19,30,29,4,2
25 3
25,26,23,21,19,20,22,24,15,13,10,7,5,3
25 4
25,26,23,21,19,30,29,4
25 5
25,26,23,21,19,20,22,24,15,13,10,7,5
25 6
25,26,23,21,19,20,22,24,15,13,10,8,6
25 7
25,26,23,21,19,20,22,24,15,13,10,7
25 8
25,26,23,21,19,20,22,24,15,13,10,8
25 10
25,26,23,21,19,20,22,24,15,13,10
25 13
25,26,23,21,19,20,22,24,15,13
25 14
25,26,23,21,19,20,22,24,15,13,10,14
25 15
25,26,23,21,19,20,22,24,15
25 16
25,26,23,21,19,20,22,24,15,13,10,14,16
25 18
25,26,23,21,19,18
25 19
25,26,23,21,19
25 20
25,26,23,21,19,20
25 21
25,26,23,21
25 22
25,26,23,21,19,20,22
25 23
25,26,23
25 24
25,26,23,21,19,20,22,24
25 26
25,26
25 28
25,26,23,21,19,28
25 29
25,26,23,21,19,30,29
25 30
25,26,23,21,19,30
25 31
25,26,23,21,19,30,29,4,31
25 32
25,26,23,21,19,30,29,4,31,32
25 40
25,26,23,21,19,20,22,24,15,13,10,40
26 1
26,23,21,19,30,29,4,1
26 2
26,23,21,19,30,29,4,2
26 3
26,23,21,19,20,22,24,15,13,10,7,5,3
26 4
26,23,21,19,30,29,4
26 5
26,23,21,19,20,22,24,15,13,10,7,5
26 6
26,23,21,19,20,22,24,15,13,10,8,6
26 7
26,23,21,19,20,22,24,15,13,10,7
26 8
26,23,21,19,20,22,24,15,13,10,8
26 10
26,23,21,19,20,22,24,15,13,10
26 13
26,23,21,19,20,22,24,15,13
26 14
26,23,21,19,20,22,24,15,13,10,14
26 15
26,23,21,19,20,22,24,15
26 16
26,23,21,19,20,22,24,15,13,10,14,16
26 18
26,23,21,19,18
26 19
26,23,21,19
26 20
26,23,21,19,20
26 21
26,23,21
26 22
26,23,21,19,20,22
26 23
26,23
26 24
26,23,21,19,20,22,24
26 25
26,23,21,19,20,22,24,15,13,10,14,16,25
26 28
26,23,21,19,28
26 29
26,23,21,19,30,29
26 30
26,23,21,19,30
26 31
26,23,21,19,30,29,4,31
26 32
26,23,21,19,30,29,4,31,32
26 40
26,23,21,19,20,22,24,15,13,10,40
27 1
27,19,30,29,4,1
27 2
27,19,30,29,4,2
27 3
27,19,20,22,24,15,13,10,7,5,3
27 4
27,19,30,29,4
27 5
27,19,20,22,24,15,13,10,7,5
27 6
27,19,20,22,24,15,13,10,8,6
27 7
27,19,20,22,24,15,13,10,7
27 8
27,19,20,22,24,15,13,10,8
27 10
27,19,20,22,24,15,13,10
27 13
27,19,20,22,24,15,13
27 14
27,19,20,22,24,15,13,10,14
27 15
27,19,20,22,24,15
27 16
27,19,20,22,24,15,13,10,14,16
27 18
27,19,18
27 19
27,19
27 20
27,19,20
27 21
27,19,20,22,24,15,13,10,14,16,25,26,23,21
27 22
27,19,20,22
27 23
27,19,20,22,24,15,13,10,14,16,25,26,23
27 24
27,19,20,22,24
27 25
27,19,20,22,24,15,13,10,14,16,25
27 26
27,19,20,22,24,15,13,10,14,16,25,26
27 28
27,19,28
27 29
27,19,30,29
27 30
27,19,30
27 31
27,19,30,29,4,31
27 32
27,19,30,29,4,31,32
27 40
27,19,20,22,24,15,13,10,40
29 1
29,4,1
29 2
29,4,2
29 3
29,4,31,32,19,20,22,24,15,13,10,7,5,3
29 4
29,4
29 5
29,4,31,32,19,20,22,24,15,13,10,7,5
29 6
29,4,31,32,19,20,22,24,15,13,10,8,6
29 7
29,4,31,32,19,20,22,24,15,13,10,7
29 8
29,4,31,32,19,20,22,24,15,13,10,8
29 10
29,4,31,32,19,20,22,24,15,13,10
29 13
29,4,31,32,19,20,22,24,15,13
29 14
29,4,31,32,19,20,22,24,15,13,10,14
29 15
29,4,31,32,19,20,22,24,15
29 16
29,4,31,32,19,20,22,24,15,13,10,14,16
29 18
29,4,31,32,19,18
29 19
29,4,31,32,19
29 20
29,4,31,32,19,20
29 21
29,4,31,32,19,20,22,24,15,13,10,14,16,25,26,23,21
29 22
29,4,31,32,19,20,22
29 23
29,4,31,32,19,20,22,24,15,13,10,14,16,25,26,23
29 24
29,4,31,32,19,20,22,24
29 25
29,4,31,32,19,20,22,24,15,13,10,14,16,25
29 26
29,4,31,32,19,20,22,24,15,13,10,14,16,25,26
29 28
29,4,31,32,19,28
29 30
29,4,31,32,19,30
29 31
29,4,31
29 32
29,4,31,32
29 40
29,4,31,32,19,20,22,24,15,13,10,40
30 1
30,29,4,1
30 2
30,29,4,2
30 3
30,29,4,31,32,19,20,22,24,15,13,10,7,5,3
30 4
30,29,4
30 5
30,29,4,31,32,19,20,22,24,15,13,10,7,5
30 6
30,29,4,31,32,19,20,22,24,15,13,10,8,6
30 7
30,29,4,31,32,19,20,22,24,15,13,10,7
30 8
30,29,4,31,32,19,20,22,24,15,13,10,8
30 10
30,29,4,31,32,19,20,22,24,15,13,10
30 13
30,29,4,31,32,19,20,22,24,15,13
30 14
30,29,4,31,32,19,20,22,24,15,13,10,14
30 15
30,29,4,31,32,19,20,22,24,15
30 16
30,29,4,31,32,19,20,22,24,15,13,10,14,16
30 18
30,29,4,31,32,19,18
30 19
30,29,4,31,32,19
30 20
30,29,4,31,32,19,20
30 21
30,29,4,31,32,19,20,22,24,15,13,10,14,16,25,26,23,21
30 22
30,29,4,31,32,19,20,22
30 23
30,29,4,31,32,19,20,22,24,15,13,10,14,16,25,26,23
30 24
30,29,4,31,32,19,20,22,24
30 25
30,29,4,31,32,19,20,22,24,15,13,10,14,16,25
30 26
30,29,4,31,32,19,20,22,24,15,13,10,14,16,25,26
30 28
30,29,4,31,32,19,28
30 29
30,29
30 31
30,29,4,31
30 32
30,29,4,31,32
30 40
30,29,4,31,32,19,20,22,24,15,13,10,40
31 1
31,32,19,30,29,4,1
31 2
31,32,19,30,29,4,2
31 3
31,32,19,20,22,24,15,13,10,7,5,3
31 4
31,32,19,30,29,4
31 5
31,32,19,20,22,24,15,13,10,7,5
31 6
31,32,19,20,22,24,15,13,10,8,6
31 7
31,32,19,20,22,24,15,13,10,7
31 8
31,32,19,20,22,24,15,13,10,8
31 10
31,32,19,20,22,24,15,13,10
31 13
31,32,19,20,22,24,15,13
31 14
31,32,19,20,22,24,15,13,10,14
31 15
31,32,19,20,22,24,15
31 16
31,32,19,20,22,24,15,13,10,14,16
31 18
31,32,19,18
31 19
31,32,19
31 20
31,32,19,20
31 21
31,32,19,20,22,24,15,13,10,14,16,25,26,23,21
31 22
31,32,19,20,22
31 23
31,32,19,20,22,24,15,13,10,14,16,25,26,23
31 24
31,32,19,20,22,24
31 25
31,32,19,20,22,24,15,13,10,14,16,25
31 26
31,32,19,20,22,24,15,13,10,14,16,25,26
31 28
31,32,19,28
31 29
31,32,19,30,29
31 30
31,32,19,30
31 32
31,32
31 40
31,32,19,20,22,24,15,13,10,40
32 1
32,19,30,29,4,1
32 2
32,19,30,29,4,2
32 3
32,19,20,22,24,15,13,10,7,5,3
32 4
32,19,30,29,4
32 5
32,19,20,22,24,15,13,10,7,5
32 6
32,19,20,22,24,15,13,10,8,6
32 7
32,19,20,22,24,15,13,10,7
32 8
32,19,20,22,24,15,13,10,8
32 10
32,19,20,22,24,15,13,10
32 13
32,19,20,22,24,15,13
32 14
32,19,20,22,24,15,13,10,14
32 15
32,19,20,22,24,15
32 16
32,19,20,22,24,15,13,10,14,16
32 18
32,19,18
32 19
32,19
32 20
32,19,20
32 21
32,19,20,22,24,15,13,10,14,16,25,26,23,21
32 22
32,19,20,22
32 23
32,19,20,22,24,15,13,10,14,16,25,26,23
32 24
32,19,20,22,24
32 25
32,19,20,22,24,15,13,10,14,16,25
32 26
32,19,20,22,24,15,13,10,14,16,25,26
32 28
32,19,28
32 29
32,19,30,29
32 30
32,19,30
32 31
32,19,30,29,4,31
32 40
32,19,20,22,24,15,13,10,40
33 34
33,34
33 35
33,34,35
33 36
33,34,35,36
33 37
33,34,35,36,37
33 38
33,34,35,36,37,38
34 35
34,35
34 36
34,35,36
34 37
34,35,36,37
34 38
34,35,36,37,38
35 36
35,36
35 37
35,36,37
35 38
35,36,37,38
36 37
36,37
36 38
36,37,38
37 38
37,38